1
10
100
101
102
103
104
105
106
107
108
109
11
110
111
112
113
115
116
117
118
119
12
120
121
122
124
125
128
129
130
131
132
133
134
136
137
138
139
14
140
141
142
143
145
146
148
149
15
150
151
152
154
155
156
157
159
16
160
161
162
163
164
165
166
167
168
169
17
170
171
172
173
174
175
176
177
178
18
180
181
182
183
184
185
186
187
188
189
19
190
191
192
193
194
195
196
197
198
199
2
200
202
203
204
206
207
208
209
21
210
211
212
213
214
215
216
217
218
219
220
221
222
223
224
225
228
229
23
231
232
234
235
236
238
239
24
241
242
243
244
245
246
248
249
25
252
253
254
255
256
258
259
26
260
262
263
264
266
268
269
27
270
271
272
273
276
277
28
281
282
283
284
287
288
29
290
291
292
293
294
296
297
298
299
30
300
303
305
306
307
309
31
310
311
312
314
315
316
317
318
319
32
320
321
323
324
325
327
328
329
33
331
332
334
338
339
34
340
341
342
344
345
346
347
348
349
35
350
351
352
353
354
355
357
358
359
361
362
363
364
365
366
367
368
369
370
371
372
373
374
375
376
377
378
38
380
381
382
383
384
385
386
387
388
389
39
390
391
392
393
394
395
396
397
398
399
4
40
400
401
402
403
404
405
406
407
408
409
41
410
42
43
44
45
46
47
48
49
5
50
51
52
53
54
55
58
59
60
61
62
63
64
65
67
68
69
7
70
71
72
73
74
75
76
77
78
79
8
80
81
82
84
85
86
87
88
89
9
90
91
92
93
94
95
96
98
99
